5411574
1956984
6615959
7980174
5140418
5774197
7093126
8289113
5798512
6117359
3682518
4445172
6073595
4260451
2788349
5471532
3544741
3292906
3582641
1305395
6036538
1189539
7768050
8684778
4399621
9503120
7478225
3221489
6083431
3788177
8185324
5856043
2904669
1508020
1455348
7488981
4144973
4602325
2350312
8631729
4101949
2242050
3108348
9708962
9711741
1982461
4358246
8891147
5736612
2759325
9332757
7942171
3582681
7440854
3742281
1137727
4695937
4664591
2006536
2242849
4645791
9507236
8317702
5049005
4247610
3319593
4701146
8891748
6120367
6641201
5877097
9131354
3646193
9377063
3183529
9499884
6526968
9342524
8579103
2503317
4546119
1283317
7431126
9054299
4678559
3311544
7568083
1265494
6766680
8982066
4991178
2416431
5100387
5440017
2947837
2312798
7783457
2342406
9915436
7783700
1324654
8719711
8157087
9909956
8848525
3833188
9848089
4590421
9326969
9463301
8589208
7607894
8409728
1348851
4634440
9232975
6335879
1938554
1289582
9244519
2642208
2642230
7170734
8655089
2896472
6625706
5804732
7191646
6752900
2815579
1324602
9428105
9912559
4127383
6715856
3736526
8577191
9085269
8566443
8328837
7284648
9704593
9433840
3756230
7116119
6929743
4872178
1358592
7529836
7894381
7627037
5444776
5547268
4944121
4305805
6064365
1171056
6555907
9911249
9904158
5545144
2949755
3680474
4792468
5925300
5960689
2382946
6022777
5815607
6888788
9634992
8185041
2633573
4969693
8907821
2768283
9642028
1699994
3134077
9353445
7440404
7187693
9266002
4898300
3213279
6387928
4387867
5100532
3082080
6343647
5358849
7064674
1589808
4327343
3642463
3809389
9373745
2450179
4962315
8773584
4045934
5756782
4976218
5429393
2773580
7441213
8085209
3525870
5438799
5175501
7127141
3579163
3416826
2369100
4069763
2467811
1348633
1176566
4788810
6783947
6896402
3769836
6815899
7775635
5831521
9501671
5783814
1297938
1620701
2431828
2880814
6363081
5226152
4811069
5794079
2459243
3306008
7334179
3458972
3526336
5953803
3116759
6946311
7687177
3576534
3959032
1503021
9308783
4591257
8711422
5025630
5742228
4605706
6336445
7114431
4023556
3058648
9304611
7258766
1393806
6644983
6865099
3968865
5103633
8976236
9816864
3917038
2687804
5044903
5594621
9202019
4666344
2059115
3932927
5638275
6405835
7378907
3652876
4192632
2945912
5433481
3652495
7413260
2666610
5668698
9600224
8620959
5531050
9210146
6737392
8607125
4610043
6900307
6281738
9838959
9838469
9484516
1375603
3365165
5677944
9627089
3221952
9404306
2103015
1633649
7517850
8205852
8263699
2235045
8485130
5088507
8569554
1735735
6622715
1176295
3858901
2694624
1238475
7493346
7434598
2559531
9648423
3610975
6783943
4609037
9641847
3140787
3191028
3243222
4370670
5986791
9076480
4308820
4651463
3435384
6448245
8477225
4757459
8727977
6611175
3621857
9699080
9097720
7237003
9216190
8657159
9119225
1354284
3813879
6133403
7229772
3081445
8374067
6107106
2633824
3947651
2311989
6583282
1354328
9110844
4798360
5374138
8834854
2643945
4215417
4312324
1774531
5099023
8407066
6045561
4800184
2899036
5503277
6382653
4497262
6586834
8266972
5433711
8938078
8180348
8941896
9419144
9332098
7794656
9291071
9960248
6163163
8645553
1716257
3430673
1159674
1129273
5145748
8802183
2499141
6042591
4077196
3336886
3814929
4406060
3795056
9170735
4262115
2452913
8384884
2159481
5335708
8307481
7957974
3566015
7856124
3750711
6709864
1242484
5607334
2264166
9555159
1658450
8245141
1386194
4087235
9388047
4426606
3722011
2280800
8638404
8746587
4291765
4840336
4338511
2978155
1793602
4457836
3211250
6119193
6906712
4319790
2454382
5566942
8735415
7805081
4900901
8380924
5522087
5156099
8326742
3114937
2506947
2805174
1887958
3199051
8135722
7341356
4352818
7466434
5369423
5268816
6843482
3812871
6020201
3068637
5658001
3223570
2526904
7491281
3690472
1792806
1326160
7592366
5372330
7012044
2275648
6811248
3908297
6649364
2019245
3602606
9634800
6116813
4960333
6127535
6689206
2777698
2505785
3329254
3000887
3221460
5362125
2917044
8402243
4994507
2914032
6417871
9763690
7881761
1150032
5815227
7232281
5994177
5968536
2831257
9614816
6297136
7120628
5240698
9296877
8946799
3782561
1846132
1930774
2446095
1123473
1221998
9035157
4071913
9531388
2615545
5764027
6155353
4464938
2767510
1173855
5160515
9840419
3920066
8469452
5116054
7466728
2052116
1889730
1938433
8576779
7883109
9841940
8052226
6078695
7089311
6319968
5489630
4120394
7642961
5131889
5562179
5915931
8874525
6888961
3289329
3516545
1620833
4955096
7422941
4265948
9043485
5793393
7251827
5150778
5736632
9853229
6419581
1242248
5085929
2414421
8638544
3167161
6806652
1807670
6366797
8248714
7394824
6291869
6626544
2953545
4122448
7232435
3028298
7522048
2910787
2165960
9740861
9992985
8358908
3056482
4440107
1495979
2825026
2899085
5468108
9773247
7745366
3237769
5872206
5487709
3064764
9266211
8335896
3204798
7628118
3547882
6492532
3033476
5750496
1381741
9943919
5819105
1615114
3647807
4357605
5516906
8463390
2345521
1621386
5463842
8719000
5838124
8545882
3439808
8017454
7495212
8366099
2930155
4073187
3115626
7366746
6280070
5003422
9528890
3825789
7939299
2461862
4926271
3072906
5054718
3795909
6265621
7813073
7971201
9560438
9297258
1719643
4813419
5254303
9673264
6334644
7002124
3931813
7280897
9123266
6598784
3757927
1471517
2662081
3977016
9547829
5193967
6303463
2051175
2309969
9856070
8570262
6608829
3641864
4864603
8026817
6740308
5723242
4247783
5895749
2752493
8348555
3611425
1724054
9819362
9334082
5404993
7733875
2809431
6471199
8041181
6345328
5301171
6304664
6711380
2715305
9886679
2336867
4241936
5759876
3952944
7629013
9405774
9505610
8562247
2954508
6639042
8521503
9577954
3737625
4740890
6831452
4418112
5876887
7553804
6768063
1184036
1335784
9451374
2197093
4947157
8087357
2411610
4534590
1970470
9307282
5703616
5023034
1917182
2508434
5032753
6864298
2227258
6542620
3266426
1907620
4186012
4696809
5339561
5905943
7138871
2287724
9120584
4926732
1192482
9133544
8101572
9613403
4739227
1953786
7366617
3223102
4332987
8991067
2227003
1682164
8583580
7443153
4271046
6025825
3633799
8890266
9516637
9003736
6584282
7657319
4431994
2079735
7966644
4743658
7432316
3524947
1622494
6154393
2814625
9320876
7953089
4490415
7035915
3443350
5968612
4591240
3146573
5365492
5076683
9761218
9297737
7131136
9309052
7919990
1881004
4404867
8179068
1567549
9107425
8280418
3180763
2280569
4469290
4708240
7079723
7152620
9531301
7430605
2237092
8142916
8098204
8924397
9851817
2624034
9450965
8962500
4702025
2637161
2120798
6071986
1342383
4597301
5187121
4060111
7021471
8363043
4678803
6135176
9916213
8151146
3833507
2343241
1276915
5786161
6027574
3139330
8879858
4259812
3433205
9650996
4537600
1260102
6860323
5088236
7857976
4818301
2455417
4707149
7384141
6539273
8957903
2325479
7528020
6226953
7173958
7798034
6146810
8142655
3950337
4505613
2378211
7215256
5035874
2049379
7474916
4008297
4906767
3144133
5225286
6248611
7020681
1496564
7111032
6470684
3451317
8001150
5150361
3128705
8692277
8152249
5465495
4829803
1601787
9019180
6021812
1166168
1441711
9145403
7554771
7229329
8148483
5365586
5671953
2136222
5359044
3517304
6862703
4506465
8376590
4916312
2100557
9460905
8015271
9013641
9381910
2902065
7799707
1574423
9657219
6129825
9916551
5858522
8833684
3183344
5755555
3979214
6446101
9910953
3216143
9641990
2486612
9721583
9799954
6233454
1773295
9017070
5187250
1577585
9468738
1638855
4076834
6621821
1257892
9512125
2389626
6190681
4439632
4837462
3258783
6692379
6792817
6685714
3787383
7265714
3872656
2461001
7222157
2946248
3692698
9639013
7733449
5218522
6358131
5202390
9047978
4641091
2133911
1522432
1649937
9321237
5981361
4772712
5534032
8978067
5612522
5606419
6184960
6781231
5779201
8194769
6071413
8966499
9400062
7159209
7648849
2705974
6267831
8983049
3283072
4251854
5160523
9405722
2554071
7917863
7400460
9106929
6121844
8370936
9156332
9521991
6369299
6079747
6500850
3690174
6646244
6891923
8635030
6851481
7997213
8207217
4815475
2565932
3359382
6747795
2320716
1363062
6827580
1450422
7841861
6107966
9504791
1570773
3995216
2768053
4718923
9224332
8618799
2830034
1155448
8285029
6113073
7504711
5091016
2063608
7738424
7295567
1754199
6960232
7826767
9157566
4539415
7756113
7639531
7768693
7833515
5044639
1420757
2865277
6862681
8085625
7628208
9554539
5653796
6059785
2203951
8670663
3449838
7612229
2435947
8244916
9462305
8455165
8180069
7613921
2149078
3579186
4978251
6716761
8633702
9802663
3188052
8629354
6869270
2628136
7270703
4468026
8418434
2357250
7485385
4613478
1230552
6181971
3320112
3498870
8135557
9690272
4493583
2840005
9470462
7784357
1577097
7897266
2993681
7027784
5367422
2581090
5160565
6768347
6071855
2134205
1982636
6471153
9537680
3713177
2515552
8481714
7146426
7893570
4497676
1805275
9481993
7567815
2040593
9438067
6816547
1772234
8045518
2675405
1687692
8284437
1126964
2925386
7187452
6782238
5816094
1496804
4974031
7662857
5258784
8062246
8501497
7773844
8862856
7166564
7820876
4501272
1996989
8544540
9661951
8641517
4938322
7476887
4828214
2041209
7856986
8159484
1643027
2303315
7699119
7285305
5613336
2200685
9064963
7026670
4025200
9189124
9532519
2788936
1610513
6263304
7376563
1550489
1497409
1309480
9939654
2733010
9669721
9476669
9946968
1698184
2663200
7854266
9000200
4419061
7886995
1193905
6190852
2500693
9709487
8717763
7908158
5138809
7457948
9082900
6549509
3035520
9071939
2939418
5517868
5016838
3761281
7800720
7619407
4915886
6002591
9058557
8750740
6028688
7478591
2669124
2818906
3745392
4400572
8166615
3190389
4676228
5855229
4306547
2744078
9387342
6430393
5781884
7604605
3949610
2961432
8104132
4701248
9832175
8607097
8397011
5655903
4279586
9661882
2286253
8615101
9377192
1703311
8416389
1905097
9288219
9376746
9124968
8157390
8857174
4522736
7461726
1161541
1268563
2812813
1562786
1126868
5660318
1670219
2175965
3277566
3962882
7995765
2959759
7524714
2927602
3231442
7443887
4965231
8947311
2266489
7404612
3827757
2472482
7298487
6002566
3837524
9507504
4749950
1638803
8980542
7728293
7798460
2975227
2259464
4174241
2767170
4755844
8401152
4082240
1669124
4961375
2904253
8832326
5318260
3893925
7996587
1454372
4928439
7549040
2568204
3652519
3427528
3828244
4445050
1184044
6368108
6946829
5116335
7455391
4036186
6888256
5107917
1523087
2886177
4447111
6432487
4791015
3432933
9605916
5389746
5813980
5311873
6902273
8271968
4146208
7935315
6551749
3273290
7032986
5010585
2873055
2853751
3853534
3427803
6141243
1519622
3465939
8475608
3084742
4887165
8904943
6088680
6022293
9466332
2806872
3284405
7959927
1136481
4104066
1418966
8912483
5890851
1788056
2058630
7013207
2359401
8113537
5396425
4962773
6235128
3635438
7248765
5345339
8741876
6280460
5335892
7170493
5952582
6240990
7918188
9421398
6414032
9787135
1658924
9842711
3067177
2386848
8130285
9134207
9759741
5554850
9438833
9152687
2904524
7878768
7035999
4376521
2693400
6815145
7283765
8127161
6909428
6358375
1901151
2703925
9359541
7452793
7300779
9596976
8936974
3141778
3980243
5811801
2723828
3105028
7327710
9352018
1393051
3673408
4721205
6457774
6448408
9960242
8683262
4852196
2856375
9023647
5924912
2406589
7399959
6927259
5865116
9756970
5137466
8194003
2595487
4672192
1907579
2862116
2829325
7272003
9394056
2313422
6162403
5210595
2015477
6362608
3345969
1444781
4618931
8535632
3568097
1898421
7754373
5599479
7568292
7383281
7012902
7995726
9841939
8823705
7820613
6568098
5766777
2043537
2470893
8126907
1752841
8547246
4626892
9792773
6005446
9354365
4331217
5487467
7703537
3063900
4170190
3657361
8535287
2374214
8015086
2625173
9243813
8831703
6418586
4500422
4390374
4983879
7701716
1373227
7601348
5348266
4966902
9638214
8313630
5998873
8860624
4424129
8138361
2429571
9567427
4881842
3913669
5772105
2264363
4289186
9476294
1761399
6931657
2983347
3040297
4051583
3609022
3127024
1974458
9244008
6567424
5605095
2932055
1955400
8507016
4965594
3411795
8865721
3552116
5472268
5763343
1913674
8627739
9055494
8373220
1281933
1602879
2771002
7957234
5307822
5673360
2452420
2602055
2668057
4990649
3244669
6349945
4087712
4023490
6617791
2528019
9333275
3217093
6257259
5563791
1451823
2608193
3731761
6546178
2552047
3494443
6855253
2092587
5197154
5968313
1515017
9792637
3384432
1217632
8900592
6567741
1928817
6492698
4052013
1185881
9112556
4953147
4040175
8160177
9278208
5556755
7120037
9669181
3733117
2780155
2706475
1499979
8124506
6349762
1682978
6156115
5547667
7979638
5377925
1967372
9659022
8213212
5832657
5569191
2690692
5064724
9744156
4472934
3647809
7407972
7334907
8564129
9449676
1142227
6350553
8936594
1567555
3191350
8768967
8427402
8096506
5363148
7312594
7454701
5088203
6091017
5354241
7659895
6834994
6300291
3385142
8028199
6482893
8539948
7944081
6751531
2102722
9850745
1916527
7093966
5450900
3515512
3447710
3815810
3877788
6985897
8754691
9700213
6240330
7352408
3927106
3672260
5799054
3597148
9072552
3671892
9662739
8133503
1229052
5777765
3830769
9184869
4787906
7688709
1555609
1990039
1996473
7754366
1607192
7807602
8691898
3158138
6970092
7104323
8396595
3617999
6906120
2568317
1663987
8883543
9248814
2034276
6713520
4801913
1363356
8173849
5893545
7312307
3782014
8014080
5534431
9372061
2690508
7749316
8869653
8634001
7004032
3477816
3788285
5645306
9051499
6676512
3295725
2748088
3036043
6254005
7417091
7598604
8133182
6883488
8435180
8180845
4850674
3091187
5372718
3757437
6907262
6112943
5729819
4207107
2276234
3185877
8737935
1968688
2903608
9448128
9592736
7238254
8696170
7405188
4928906
1281626
6486382
8697099
1382361
2391797
8394747
4277893
2805962
4311823
8272867
4011004
2747869
5664828
2361071
3997418
4683626
5000801
9329599
9950090
7118972
5172693
9343121
2289559
4130429
5429552
8985931
5909053
1375832
9719140
9709004
1601063
9124339
7093256
9459916
7914321
5451431
7263516
2490005
8179698
3913163
3674587
6903073
2308984
5579272
3338315
8259379
2972245
7219452
3473836
7680795
7982325
4024987
7595415
3048844
8724175
7247043
3239343
6797017
4935564
8427770
7398802
7419399
9847817
8669932
5165555
2143187
4912463
7043179
4712077
5264139
9546827
3913605
5012535
8807447
6829233
6941752
9392877
8149809
4817454
4214753
2500546
8940566
9709316
2458931
3506886
9089198
1435118
5533258
9409269
6561663
6346915
1223023
5633783
8206793
2132407
8001094
8696611
7943922
4492130
7792576
9244492
1232444
4960402
8649959
5762392
7880511
4945807
5237812
8066183
4867821
7972253
8902190
6639384
9537367
5777193
8213201
6970542
8131003
3924572
1326633
7714175
4013664
4244332
1953198
9698068
6323964
8057402
4165390
6449401
6798611
2997577
5055615
8917310
8790754
6452153
9166315
4011673
5157804
8998588
7212153
6918167
5241994
8990192
7135748
1658840
7381794
1196520
5817149
8660221
7674790
1550954
6270891
9408563
7551005
1594111
2163027
7243582
9280400
2950248
4445654
4751565
3915914
5570548
9771245
4171084
9061848
4502775
3306113
6775647
4608192
2725998
5820609
6682484
2980948
9750629
3799890
1265506
6579975
6381164
7374901
9153479
3562659
3882086
9453246
5881261
6101230
7944315
9381725
3556280
4645509
4696114
5965622
8099248
6434322
4442430
8206801
4757484
4179132
5942685
4477783
4192025
4540771
7460058
4560393
5694661
6438740
3665860
4337032
4691190
2680306
3787696
9891046
8297588
4740078
2813893
7481553
5969938
6871780
7413614
9149968
9934885
3529796
2177191
2538186
5658479
5191384
1292015
7187372
6684517
8824838
5506209
5926517
3759445
7777610
6316928
7989305
4824014
4749831
8193382
4698940
9572284
2812497
9924424
8889226
8832030
6491562
9162313
4495254
4624818
7046584
4863329
4010781
8604188
5866207
7991587
7161607
6274853
1530088
5717797
6170766
5213769
3827459
9827451
4495292
9329461
3230337
3238987
5852394
9805653
4529612
7736789
2536840
7644826
9767681
3073667
4001110
4301549
9019722
2970785
3753497
3362036
7661520
6172854
8769479
5890410
7541964
3723384
9779776
5870171
7942516
3281888
5563221
4577112
1429931
3529556
8925560
7972825
4457542
7087330
7478489
1135696
8724832
8408745
3780633
5417197
4485942
3706045
3607866
2537096
2688542
1941911
4397751
3253841
8117256
1971085
9447432
1984808
6456321
1226517
1967741
1621720
9091124
6485200
6371630
3905757
6539266
9673893
1509993
1642965
3630517
8646058
6122969
1134216
7434043
9965733
8395153
5383673
5745934
4779426
1433918
5722873
2898974
2987193
6701320
9798950
6321110
9403167
3113945
6336244
3359314
3237979
2357168
4421765
4448938
7239429
8307507
2705276
5299127
4958011
4024734
1696881
8498578
5558832
9098032
8328884
7513874
8197914
6428541
6205216
5852478
5131260
1296240
2874008
2840914
6981062
1367772
8342018
4130554
1935498
2599166
8053619
6217553
7198522
9947241
5448157
6899928
6327647
6547938
7648990
7785684
7251723
5380353
5462769
5365629
2502032
4409141
1945096
4948095
1741715
2372914
6513085
4525470
4055804
8216453
7299525
3567135
7792418
8193825
3638387
2406095
6072838
3485860
4033437
8249980
7536876
6754602
4945019
5753632
9547506
3394207
9410345
4132225
3074948
7958955
2519616
9840458
1286069
9671928
3701802
7032903
2414924
3364784
3449359
4299602
5721085
7774935
2868505
3770259
3708543
4525026
4016451
4757016
7215734
6148686
8883054
5061635
1534448
8951830
2205831
1126712
8752752
3155426
5023032
9908154
9496786
1230205
7775838
1556301
6766542
6800207
2570510
7126593
8151648
9742413
7989340
9977673
8657418
2551082
7326219
1119881
9445191
6457148
5908594
8700476
3625526
9713335
9166649
5280134
3233815
6890371
2852252
1195812
5655734
5286495
5786741
3267335
1226993
8573171
3873312
5094251
8800603
6492190
1271936
8411157
5759459
8504898
9951401
5272587
6452585
2615456
3370863
6719287
2865675
5999618
8140140
4399081
9098363
9071927
3346102
2717943
6967797
5414395
5514374
4687271
9812430
9196848
6284831
2532355
5182608
3154978
6026645
5979670
1535687
4263130
5595769
2168959
3498473
1759913
2718064
1852134
6283629
3661258
7598033
4981844
1329590
2217050
8514495
6625095
6428616
4168137
5925546
8640023
5401176
7964046
2856896
4948364
4541694
6599919
9606610
1485498
7099390
8033301
3835460
6345978
1184146
8221668
8367568
3472091
9664050
1201480
8261622
5395373
8031296
3749781
5052790
3726940
6655758
2889785
7318212
8032491
4774927
6947804
8780441
3854312
8886859
4300301
7264961
1127745
8004522
6773495
8887369
1859973
6763212
1556588
1135462
6915119
8775126
3229979
1843452
1878501
3736215
9163110
2335420
6398849
6741702
2768549
4907578
6816340
7689303
2688068
6085988
2913568
7983910
6470326
3227651
5928589
8816046
6599273
5502941
9558666
9094975
4655285
3136613
1845562
6871395
4625613
8989960
5227248
9913251
7111042
7215218
1936041
9156177
1881922
7394580
4425138
7196901
8776582
4452248
6323797
9746246
2196841
2873003
7148231
1353939
6360780
3330790
2472999
7277752
6148406
8552988
3489964
3544515
3407749
4050426
5415704
8315094
1508854
2463224
3628495
1332268
3198983
5429064
1785440
9034367
9402208
8301724
4196322
6938787
8323271
7291114
9882702
2523167
6636321
3825533
1359755
8630508
6316516
7630797
2281782
6595417
8433501
7505176
5765249
7803278
8731933
6241771
6191191
6207546
6253106
1471856
1349479
8092973
9953222
5611612
1357323
8183278
8994247
1811971
3706344
1436914
9898013
3987677
9526381
9373025
7697954
5213012
3786282
9801031
4059267
8606932
6246600
4564978
8814809
5772239
2074141
8504234
2851648
6553372
2930610
9002421
7485091
3848039
9980222
3111737
9013724
8988315
2287603
5730233
6298052
3519913
4373553
6709445
2007362
1821291
7472448
1621687
4459907
2315519
6271010
6506068
3027824
7765527
5557260
2540991
7902924
8565459
7549369
8019306
1358435
5210959
7059881
5049807
3965243
1318753
9028799
5359412
5219282
2483223
6999492
4735901
3052914
6943441
2622532
7863601
2647477
5668304
1188873
9294267
2952533
8995975
4513176
6388090
2261638
6427284
5262246
3775332
2859894
6636956
5488031
6857593
2392138
5612870
2840600
5948890
2753324
5511082
8963512
4564407
8922010
2780306
7483980
8726582
5854757
9611951
5539084
4459104
1446849
4885507
8010307
4477969
7740460
9021986
5872344
4831004
6335355
6169108
9654467
9072189
1637883
8868525
5424498
1231749
3809279
9539450
3835873
9763495
2353243
7570533
8008650
8033297
3230891
1328010
4014313
5929300
1641627
7549344
1431760
9458967
6502658
4905249
2532703
6327192
6621578
7872158
3922041
3421211
2678980
6664922
5165218
5096503
6033083
5314051
3536539
2130949
6337720
9405465
4723457
4859736
3429591
5369057
6231029
6285292
8242529
3262117
2933213
6527293
1753145
3550259
4905719
1562267
2008273
1732124
5101751
2111418
6606988
1851610
3368803
3217803
3214288
1136098
5190837
5130668
9106797
3552465
7300701
6596868
2881828
4684500
8000874
6366299
3194966
4668869
6971843
9859305
7424962
2225264
5960622
9773229
9138158
1932123
1663396
7316249
5694329
7953302
1120980
5563489
1147328
3864130
7883634
5779404
9557637
6089714
4519260
8409305
5638419
8661506
8961088
5053936
8799064
4715895
4598415
6087776
9891013
9517597
3137653
9092829
8930787
4868564
5196009
6675487
6037556
5924730
2396644
2275598
3040980
7371607
4419406
1406922
3307982
1719876
3247177
5994859
9081310
5741537
9887515
2838785
9830738
6228133
1653790
6093148
6298336
8392036
1621217
2000393
6336535
3250756
1540686
4373220
3369541
5640962
6675571
5034275
9008947
2089519
3404388
7249989
5954916
2572865
4680982
4288922
9402159
4225076
5752766
5055237
7572147
1868304
8694244
9841562
4138311
9528251
3591077
4810920
8688125
2634307
5768645
3231355
2664895
9208986
3561541
6311140
2797931
8823496
1714324
1639236
8000356
5698493
5541242
1203264
8342591
2725413
1159900
4106410
5534432
7722392
4203139
4535535
3308908
2343944
7544480
6910025
1937227
7524693
8689780
6929660
2528425
6083491
1125586
1879921
1771975
3657062
7265953
3994327
9209744
4216610
7939936
8451320
1380634
5562685
7795622
2533127
9067062
1248047
1389355
3895275
9202507
6432068
3869527
4210375
5968683
8432076
7523418
8416589
1430701
8978505
7658668
9783317
3075091
4344388
2709931
6566152
5950824
9774394
3809650
8614224
9576946
6375962
3284572
7538592
7909637
5957003
7082173
9617430
1177927
2848722
6761573
5090245
3546042
3065379
2192515
3397443
2032572
7840644
6002794
8418898
6001788
8404524
7702830
7597858
5269174
3913661
9752051
8440548
2126861
8973391
5477509
1587717
1249939
5161481
8972058
4450440
2698729
9626681
7318858
2576169
3813665
2519603
3113633
8196744
7204908
1741669
2065375
5244786
8697893
9301258
3737990
5518046
7171688
4811586
8176115
1476219
1499010
5644054
2855118
1838430
3573718
3254061
8286967
4891265
5384394
1844745
1979539
1811251
4799529
4073564
6582832
5568354
4093069
7034514
2837662
6895982
5265703
9127131
2106193
5425274
1463597
3589973
1184026
5896369
8632149
2950797
9637781
1765424
2595418
1831978
5263150
6345126
7421817
5324339
4867429
2307565
8135625
8733191
8718945
9943539
8987057
6852122
1933882
6715032
7385915
8611043
9427218
7939336
3008293
9534321
3061513
4900922
9425817
2884663
6971984
8787027
9683435
8213766
7344307
4979806
3814326
6553475
9659184
4528570
6467519
1858015
8771374
2583521
6771840
3249341
7944965
4995509
4068313
4887296
6937260
2730293
6640523
6827911
6042201
5719478
5410283
3937624
2774666
7010406
3527883
1264287
5169862
3146066
6364626
3512720
7356238
9527806
4775153
2909471
1512288
6911984
1950734
4511211
2752056
8190736
2999760
8539751
1600101
7162602
9797080
8379424
8368635
5999441
1354041
7042751
8926727
3538038
7777438
8574617
6501510
6040428
7531926
5452080
3808262
2702210
5602852
1980064
5963937
7739804
8650304
5127170
7834959
9604093
3684672
7687868
2414845
9782689
7836522
7690859
8735519
8052167
9906557
9181148
8961856
2472497
2003957
6702633
3113798
8841554
8504298
8749467
2367800
9506569
8838373
5979546
7143395
3527711
3364261
7636491
5487255
6079520
7046780
7966310
6803105
5459307
4573028
5135300
6470876
8969871
4697892
6984031
1861948
9157721
9253155
4164300
2100008
9162505
5416714
3637984
1988926
1139235
3165243
6292823
8892293
9752834
7142446
8602179
5354825
4145193
9011123
5310219
3382500
7914172
9551403
4481949
1340254
2536997
4157558
4032868
4468635
8007318
2696013
8034282
6062268
5430117
1597603
4038607
4115149
7330761
9164638
6837006
2159380
5830673
5974968
5972979
1272440
3176468
1815711
2292658
7551518
7686729
1567542
8216933
6149134
5774361
1835976
8974105
1137187
9097633
8090483
6650825
8822635
4144968
8093696
5197509
9874958
1947899
1706010
8203617
8516440
4185386
6149680
9914087
8051397
4512425
3525639
3327060
1573364
8703147
8662349
2200434
6414516
6619222
1233162
4477408
9752861
2883553
4241466
3800851
8548981
7054469
2738769
2386488
6916874
2637608
7002063
2583006
2991115
3864762
3563026
7206822
7716012
4433069
3671255
8063704
8065912
3251303
7601188
7697627
5305401
2118319
8434228
8381201
7973778
7432932
5777668
8890324
1651873
8255858
3728984
7497051
6028001
5542784
1415562
9210214
9261319
1443985
3582294
6030728
1564653
1348476
4724876
8309725
5102241
7893454
3505711
3664914
2317044
9716917
3208341
8013303
3498461
7518720
8673175
5984479
1792084
5378835
3196499
4219957
4122896
3980707
3694517
8353106
3880776
5976503
1143714
9970991
6367755
8526982
3994774
4747188
7852609
7078413
5527162
7307929
8837177
9565419
9338833
8202759
1521642
7970619
8056147
6433802
9199789
5898928
9878802
4355611
5817624
7403010
4290760
4366700
5909106
3708516
5721630
8051620
4255532
4848107
9710839
9958918
2825467
5011414
9117516
3346039
1645443
2162961
2915524
8373882
7488656
3872793
8499372
7103225
2199586
1206969
7180966
3713029
4122535
7763953
3763599
6066659
7755841
7085188
8603716
7210172
5421823
8324223
2988292
4734046
7130635
7900631
4520302
2410209
5116877
6719385
1273093
5220544
5354433
4027774
6576936
7026576
9754447
6365072
4620450
9519822
6492252
3402841
3796218
7655741
4844553
4726055
1816213
6663726
1784102
9927127
1546943
4356316
7412081
5542142
5228361
5579107
9808393
4967236
3458124
8211954
4972854
2082200
5253040
5880230
1313305
3484531
4183544
1394127
7458695
1180410
6366133
4535344
8907344
6202496
9694209
9989096
4393674
4398126
2742590
3366351
4461217
3911575
8893673
7254932
5445345
5074811
8521335
9255309
8998225
2092150
7823489
2789468
4051249
6282106
5375109
2005794
8427645
2604420
6602602
4035092
4768923
6906057
4708348
2796745
8570634
3125575
4782902
1903136
9792295
4587706
8232422
6153953
4596496
7690979
8818910
6124719
3756871
1290598
2060485
2418133
7099971
8521121
9459634
1340898
5048188
8031204
4676949
6705401
3181457
7157612
6631524
6818758
1661631
6628542
1807082
8787878
6045853
8711236
1808262
9031743
4861451
2202904
3296857
9732365
9246847
6522169
7749844
2354836
2097538
8287904
9233868
9829664
5042735
4624028
2058460
1334401
9773796
7475063
1465487
1787415
4206087
3167507
8031287
4039131
3980575
1826400
1159503
2473613
2691885
8234568
3785006
6561376
3621219
1164862
7406466
3507049
1838696
2588458
1189647
9844143
6487693
1849002
2501328
1226954
5659791
2611677
5068890
7557995
6372342
6542206
7941673
4776335
3582927
4951465
8733773
6752131
3979539
1600065
2084565
8595006
3380349
1263585
3183398
4300149
7676594
8128751
6701092
2019315
7502391
1123906
4720001
8790721
3347382
9602144
5209224
1596975
8110566
7016903
4091322
9578544
5701322
1373641
7142869
5636922
3090997
4582833
9613297
9693321
3390706
9335876
5885363
5890659
2854147
7475699
4340379
4139910
8352206
6323706
3521932
1425846
6459051
1440939
7608530
2526704
4667925
5205396
5975586
6009450
6232732
6101130
9885651
2741945
2439108
3193175
5891432
3091632
2313170
9555418
2267521
1491439
3207579
8566670
1308272
9286401
9608519
6874599
7543992
2767359
6532497
9961851
9570818
2491252
8831010
2662689
5834850
3350862
7993902
8431253
4586993
8202905
9263960
6767259
4056117
8167072
2423124
9148118
5920589
1706914
5927009
2009177
9569149
1662110
8497712
7894917
2794888
3117208
8716107
9111603
8552017
4922466
8506540
1748501
4668272
4168690
5052375
5238197
7017691
1735555
2124111
7758230
1140421
6106871
2642456
8988577
7651285
2342440
1272646
3253629
3356070
1288353
5418958
6613859
2824790
5358400
4011479
6908189
9253643
7871829
7998001
8061608
2113134
6378603
5014210
2407277
8074089
2455409
5890161
8430803
3622758
5299615
9505941
8599529
8743178
3092590
8446935
8856134
4702508
3574361
2337292
2887341
7907720
2823390
8134829
7639986
2713149
5238976
9112294
4595722
9402970
6028367
5467416
1609367
2793668
2445910
8487493
9728820
2574865
4757159
5509517
4114402
8406424
1631956
5302122
9221059
9737975
9485337
7052208
1386591
3167177
6890417
4821231
1924812
1939874
2632858
7888500
6229545
5934420
4788593
1943111
4072753
6355583
8831646
1582225
3215068
6947916
7008405
1697978
7518239
7298335
7463238
6668251
7544811
6954150
3395137
6907085
9960601
4838257
2373970
2831265
3046338
1113659
4474074
1379766
6590364
6017548
9486546
9717186
4415513
8662113
9915685
6706726
9505263
6769008
7146607
4542495
8451657
5539798
7171058
5714259
1679879
8385130
1474424
8050699
6376134
9456046
3599780
7680173
4052359
2713628
2322481
3359652
5272239
7702252
5050285
2972071
3301923
3181971
4299123
1466535
2066998
5338418
1334710
4901384
1561137
5405258
8512734
7860192
7646815
3044763
1758187
5880771
5829385
1339709
4054627
1565093
7750930
4570836
2127609
4844434
5555783
2396249
5764904
7262841
9738944
3748472
1961094
4525560
9545154
7863992
7461388
2841526
2132972
4888353
7902103
9647269
1609759
1921094
9771722
7866119
7065022
2182164
5706665
5326604
3290637
5921240
4174316
6847972
7831217
8295055
8933110
1726344
6550628
3109688
1980260
9181920
4320047
1688049
5271391
7615834
4806022
2659786
5368700
9800456
7945384
9625116
4703638
5020132
3612366
2755515
6989145
7288194
8323514
3869602
4023685
8195648
4744513
8136941
8854019
5781000
9211068
4102530
9114071
6056728
3577193
4883149
9285483
9553007
8420408
7960737
2846876
4665481
9981526
3978161
5537408
2170701
3526011
4196796
7771738
5721479
9105894
4447515
3482534
2241431
5645331
6640543
8071032
6197534
8258079
7084368
3077049
9070810
5432460
6365998
2512025
7896161
2267121
7063293
6891159
9362046
6186648
6234387
9959413
8826919
7388967
8070745
5956853
5156128
1640069
6038286
1900274
5188874
4879143
1961069
4339020
6497705
2246167
7498770
8403430
9312957
2517768
6444913
7233842
6050492
9816211
5423778
1934969
1599848
1150616
9358960
7052060
2357282
8258686
9446234
4660504
2673191
4555694
2037468
5845242
8527698
9874283
6325868
7011576
5941219
4040104
5899234
7315541
1145674
9765856
2188863
3685913
6060273
2875478
4416823
5666029
8881257
4020980
5015730
5240923
9298907
2608628
8803362
8495022
6837757
6830151
3186143
3560580
4183189
1148719
2045320
6347317
5049063
7478046
4253249
2096322
8873079
9992588
7903075
3326119
2146533
2808489
8694380
5967059
4648096
4346531
3030180
9800317
3530243
6393963
2780020
8614856
5713586
2181568
9810029
8259101
1450421
5886095
2255302
4341599
7011972
3177066
8605185
4744719
8699306
1997383
7030909
8014444
3228529
7209479
5758206
5346871
1498170
7219557
4678864
4593089
7873778
8183824
4025154
5622000
1630892
8143054
5698879
1267060
7733173
3959228
5388982
7152301
9006428
2250779
5707371
2577202
3945454
3970373
8172698
5937171
4053977
1439382
2337630
4483615
2922910
4267550
7241018
3068104
9548898
4036169
4620031
6221279
6409031
5272390
7295106
2757148
9911283
7695744
9439280
6317090
8459066
6404107
7963081
8211970
2267399
2296859
1743233
8340832
8478211
2430521
6039417
4761586
7366530
2783579
5040496
3815138
6779036
2832135
4221482
5371434
6792039
1843387
4883624
4797576
4829932
8173177
4415446
6172441
4679720
1522803
9491807
9121408
6804096
5152645
8639106
7636070
4697902
8248255
6023132
4075519
6360008
3745798
4484091
9501687
4372906
8193511
6989431
6193337
5406948
5460539
2608507
7197211
3814738
9406182
2366072
4092594
6333094
9489490
9098493
4841467
7993263
3611255
2835133
3549466
2970797
4017499
2174869
6839495
9403700
3677961
7645140
9948745
9942353
4590352
9199589
5002099
6468965
6820983
7857985
2049323
7078281
5161851
5543351
6615442
3524742
2071357
2110130
9056745
2510519
6244194
2402659
9602395
2365864
6083548
2457765
3777318
3810549
2195931
1408074
9060102
8835098
4601225
3202591
4184588
3834964
5308766
2547899
9813627
9596324
2905055
9531633
4673462
7986958
9639445
3283161
6793559
9679532
5771480
5009807
4078424
7174755
6986255
2601269
8502901
6219737
4574478
3939525
2282449
8500499
4036168
9512643
2029668
6049420
2476195
5372836
5880601
4021386
1280070
3274897
5043952
8457214
3606905
7514742
8126040
3464022
6858492
6523437
7001730
3366756
7243982
9989834
2587108
3707317
8988538
5080970
8537549
8411627
9932711
4480407
1786724
4783305
9621726
5369312
3181994
2966956
7651798
6632948
9206224
6271927
5368147
6177195
4645713
2665185
6804416
1132383
2102202
8983428
8768832
5124662
4092183
6101772
2214134
8865296
1665566
5739316
9348506
2573279
5756351
8280127
3992099
8058499
6308279
1874095
5185112
7758520
8395208
6760789
7322091
4437058
5660210
7114827
6530261
8578252
3329914
5742308
2338032
9932894
2623747
8764015
9097026
1164243
1881627
8810099
3187081
6336586
9312873
7257238
9173429
8717776
5646589
3113094
9029631
3937500
6828958
8227813
8855613
3679344
5882963
9567438
9470294
9138712
8466225
8643284
4582781
3395482
3486594
3780621
4420533
7755234
2937977
1247755
2564485
5730448
4184737
5369789
8324920
2232945
5493602
7178276
8917658
8012727
9146065
6540448
7387655
8225520
1389396
7381010
7524200
8611707
8447531
9369053
1203274
1609233
4041183
3368153
8257226
3127830
7919976
9136159
5906996
2309295
5058594
1348872
5945052
4480221
9572590
8566565
6927709
4675241
5874500
5672224
7046529
1430337
1866365
1648653
2715926
6251935
7640708
9043254
8743645
1619157
5462381
8171910
1889249
6793194
7541629
8997683
3210332
2619533
3885321
9506730
5842060
2065634
9252699
4640227
9388389
4620011
8535783
4546620
6295920
5162381
7724228
6541863
4189057
4443148
4209447
9749417
3561238
2959986
5701345
5771792
1713152
6698503
8720760
1618500
9868186
9138819
2887514
2573169
5669394
7071754
7479976
2049764
4760753
4207432
4357423
8158910
9921879
4794627
9860931
5023300
1177138
2714680
5683803
5162190
2067747
9440843
8497939
6462526
8062482
6405414
5198757
3312449
8133042
5559876
2547975
8683844
9912756
6753854
2470021
4595138
3133174
1569809
7188701
9982033
5477582
2029293
5989045
1269239
8543211
1127760
3900903
9333330
5687125
4223099
6850025
8724270
7095764
6299552
7606730
5448427
3327274
4021161
5522672
7644887
1229290
2922270
7210442
9295411
2473128
6191951
1841258
6692632
1236247
7420339
4328059
8447268
3364901
2040603
2545107
8299663
5410910
1292326
2987397
4189876
2898382
4956551
3856305
9825928
5583840
2234187
4491287
5909767
7136596
7070349
7456287
9937032
6942415
7192293
7594656
9997633
8018348
5591950
8993035
7136178
5177220
1143066
4456186
4611950
2017382
4029854
6251898
9556550
2549037
6039426
7160755
8496392
3631095
7035316
7819416
9523434
7218785
9074704
4601204
4154700
8276353
6168640
6916340
1641369
8049238
7065005
6658116
9608804
9588783
2570329
3297754
4340737
9325984
5546114
8806388
3956089
3209700
6997938
3212198
2147176
9009710
2266042
5361357
7245957
6177621
1286525
4699290
4623047
4519036
9743244
5304129
5164524
5605282
1723996
7185127
7022952
3225813
6593721
8190469
8875910
6320648
4008206
5356947
2263939
3437575
1480336
9137080
1396005
4548110
4259818
7066791
1405694
2304185
4589108
1172758
5091207
7842397
4033419
5205463
3885686
5600455
3540588
3016099
1954413
3565444
1748040
4719357
5401492
4536373
2664494
3405969
1331582
8166033
2856330
1902417
3776049
6215595
1260708
9701872
9443955
1416588
9618472
8148466
2340330
5764768
4635743
3018689
9738590
3824813
9494470
9447980
7123755
8674370
9194981
8224316
3555100
5472736
9602242
6235594
3407966
1895187
7352635
5891040
9999091
4098057
9285251
9447986
7987058
9208525
2519359
3683099
7052322
3617877
5031578
7476323
3395122
2835294
1772942
2524731
2381418
2735148
8424898
8114014
1773850
9880030
3115888
3568402
1908479
8894646
3584232
4171281
1375283
1525661
1521899
6235566
8505323
9885904
5262016
2133279
1987544
5786598
9151392
8300698
7483280
2061031
4745246
8755233
3747115
7666664
9441194
1162097
3544877
4590193
7467034
4849611
2741395
9802051
2697792
9376334
1377127
6039281
7028107
4458308
2488124
4363111
9532413
9287640
1723449
7894628
7015604
9924595
6320740
5218093
5623495
3468106
7129269
2847623
5851798
5850539
8853086
2242259
7747696
8425578
4477143
3940722
3324238
8643070
4226517
9467688
1385406
7080163
3856419
7947144
5860480
8811142
9274907
4533959
5529090
7772366
6860242
2556057
8476135
6811944
2409035
7852315
4181705
7524782
6581512
4442150
3569859
9218150
2928175
3688199
9975175
5638787
1352828
5486219
6702223
7526740
9751097
3897233
4286750
2151582
7810425
4934588
1569727
5873436
7539724
3190138
6914460
5151282
6621649
7210474
5318290
6245659
6729894
5302194
6428295
9496322
9434240
9989136
3843946
6055371
9141962
4767045
4422129
8616321
6412346
3609767
2689096
4906307
4168035
7238704
8735894
2060038
1598728
1947511
9531213
1293741
6283591
7036543
2463947
3863271
4555447
4634194
9321532
5262018
5717132
6971179
9711289
8809498
5537331
5173996
1452010
5888369
3634373
1874880
9816400
9575231
7050854
5112305
4553265
3378018
7021338
2278082
4069653
3084459
3837473
1532083
5260876
8931769
4818239
2186876
5043314
2842218
3761308
9086500
4297152
1710633
8883409
6938022
7085641
1546151
9766087
5507086
3349881
8565193
5028327
3680808
4560903
6323837
9617817
2210902
5637992
5332898
5895055
9021003
9760139
9052057
9081492
6099784
4446362
5794375
2031543
2404676
7724208
9903454
2350061
1839694
5583011
9322003
7230518
3805273
4143950
9480271
1463968
2870784
9063479
9669568
8283056
2355917
2138818
7540328
5571408
1591877
8243628
2622081
9552990
9317053
6376566
5880224
8450826
8198011
8770989
8552448
3590478
1788268
4289642
6107119
5204259
2348488
9267537
3463385
3633269
1791280
6715982
2297111
8075678
4379229
8496913
7602047
4996434
9899656
4866601
2686196
5066561
4318780
4220184
3163269
9345150
1566563
2353224
9426589
8883956
2872430
8796433
4446523
8009350
4389699
8128073
9773064
8017889
5841959
6170896
5662678
1341455
4918592
2638262
6069345
9727205
1820756
6467818
9497912
7654475
7531386
9032419
2816788
2668711
4266181
2056105
2976085
7100069
2843721
7871883
9592602
8968120
9018427
3133518
6719249
9294326
4789061
4165443
2355745
3060746
6607816
1857630
5781318
6718366
3819640
7005352
5252519
8383887
5819141
5039353
1199703
3378709
5173746
4670312
2788494
4764673
9275482
1449242
7185043
7307280
3864772
5154460
2277431
5650932
6716925
4919294
8895884
8421384
4853335
6141900
2769261
7323247
2381643
3427058
4938449
4614989
8040597
6638142
5387711
2429838
4689856
9163705
3422637
9655654
8704763
4584097
8665689
4651079
5848171
5569396
6215917
2090254
5431813
3558974
4683645
2049209
3669743
2625974
3356937
7295849
4454865
4466667
2427198
1695467
5561403
7202706
6141479
4459832
7690331
6617088
9810413
7022611
4060507
8361351
4230368
2469680
1252829
9881661
1370034
1195688
5851898
4691722
5847279
8737749
7700346
6063474
4574678
5673624
2605560
9880837
2761181
2014324
9100133
7847238
5270941
1488380
5935986
9534677
6407726
4118384
8335026
2515542
3179802
4160534
7138737
9807310
8879865
7064758
9017412
9530384
9148650
8469037
9450266
3781586
6207305
8192743
8523311
5783644
6937714
8006020
1216363
9144744
4230250
5614915
9702543
2083073
2746827
9636817
6496011
4345384
1452991
8026216
9916745
9716817
5117975
6301641
2999041
3816151
1565292
3515951
7709818
5044682
5920050
2178690
5746790
4349111
7265920
4226412
3407358
9035013
7187271
2865471
5019141
9460698
2964493
5344152
7647529
8423391
5209774
1930452
8564302
1545514
1192803
1453356
2768081
8416270
8379830
1697306
2468496
6696603
4617685
2648718
8577179
4853263
7297156
3383245
9512818
2140016
5098068
4484791
3518903
1394591
5605164
9382650
9429284
2651440
7460477
9930222
9769737
7682509
3796753
3539884
3781183
9746114
7846108
3634558
5298198
7725446
5519494
5679294
3319010
9326633
3519876
4044067
9187725
1400919
7049159
8805603
3054019
1384779
5565409
5369236
5383235
1619527
1241489
7210559
4132746
3120737
9895064
2602886
5605661
6904195
5179261
1490005
2855584
6286516
4877046
5338313
9570436
3970801
9985483
6327140
7790083
9393653
4322399
2776850
6143199
3267020
6097816
2051553
3717575
5313336
7428686
7918903
7366950
5375902
9105063
9338826
6424368
6578898
2326102
6255225
7217574
1130784
2363893
6144219
1608286
9313406
9761128
4871607
8905631
8296072
3674262
4754079
6848125
3603510
2624677
6614169
7209448
4991600
4202352
7121823
8707213
7616710
8308286
8923187
4955798
3385199
5663577
7920668
3595857
6237209
6781475
6492953
4132902
9043976
2143426
9378533
5728399
9560974
9850998
6466608
7011268
2136109
1981053
2788884
8474900
6760163
2530912
9233885
6065285
8016663
1593278
6226668
4841021
6088880
3333455
7702076
7488596
7713181
3941327
6256600
1557286
5644604
3662142
6888902
1483864
4273640
8485642
4496965
9484401
4536963
5027669
4879305
7025878
2834139
1161261
4206446
2668274
1896808
9612774
1880189
5630715
7336270
3552477
8184763
7276132
8583231
6969331
7682014
6558058
1923299
3467602
2302787
9483756
8306209
1670641
1663711
9094891
2094989
7268042
3798012
9975972
8948084
2871976
2446122
3865998
7114293
6250764
1487677
3678952
1144794
5726351
8638191
3403120
8200862
4710224
8869127
9031901
2552889
8515659
2363775
2294522
9799378
3855428
9056650
9328421
8437759
2771541
5631570
9842573
5226445
4414035
3822071
7754961
2857055
9149033
1868572
2985686
6575085
7387370
4632974
9674783
6099274
4891656
1906412
3920250
2559183
3285383
5054521
8282094
6468640
6847945
1683226
2027328
8352500
6762738
6717667
5016769
2158475
3965351
9028047
1907613
6369617
7005141
8177448
3912452
1890290
5906244
9227996
4533029
8051155
2510572
6541220
1141950
6350397
5364019
9436961
6989077
1229119
5206755
4004210
9590002
9737333
7136466
8439544
9781172
5219325
1827988
3218876
2132607
7117530
9169670
8086827
1335391
8791655
7857269
4324244
3915386
4677088
8348653
4177551
7240111
9926051
8262831
1483688
8946970
6368632
7281844
3198752
4321987
2011735
3379032
8846488
4582505
8524039
1657674
6395341
3887633
9913783
5184224
2486888
6647214
1352479
1342710
1265885
7897460
2686080
1614938
9152321
5953633
3524152
9450366
6700314
6960324
7721593
1961952
9113473
3116047
5150942
1504004
9888142
9686756
2329395
3300797
5377380
8148185
2722100
1461672
6879764
8168597
8842142
7475231
6515345
8772690
5335225
9567145
3861248
8906060
1133402
9341054
4085007
4878626
9643514
4179067
9820463
1492469
7911545
8643633
4086550
3530152
7815877
4148446
5945461
8342025
3025326
2891825
1196442
5718052
1142841
1579660
3157188
1543446
2451297
8595839
8574402
8541700
1468703
4656413
2683465
5681164
6993957
3564200
4479444
4318556
7016012
6691737
3113857
5972017
4242753
2697437
3244837
7454984
3824998
3880838
4001984
4820483
3341178
3625472
7246142
1126513
2258146
4442478
1885641
8101240
9464162
9430668
5416210
8754190
2620561
1714715
5220336
2840945
3068328
2861807
2422151
2129144
1544522
9654676
7933743
4313685
3564760
3597138
1261677
7006374
9236820
6608411
7009214
1144943
3393618
5155783
5307881
2451113
8985463
1800327
8865982
7507063
5475727
8714902
8880802
6111371
2198364
8599271
1569303
4762006
2950798
5010337
6560425
1579057
4151580
3363050
9203295
9933894
3866854
6948303
3347693
2485839
6309089
8383317
4744969
8970039
5165117
6931377
6595124
2402266
8288739
1647914
9014437
1341282
9443424
8734146
2189470
5410004
2944022
7683192
3211560
1469938
3047471
6612289
2865218
4965541
7621928
8765750
8701046
8438404
2631217
6499011
9289179
3198725
1969096
4681892
7548562
3000935
2964313
9274250
7072554
7552014
6952837
5258137
9350972
8316278
6372213
8143102
9720187
6986887
3696381
9732295
3575101
2924251
1840658
8289229
7425937
9911786
5774602
6197910
2609824
8040497
1867119
4889358
8739542
7426179
8293694
4306167
4646361
2688558
7156383
8512806
2800519
4832716
6192992
2960243
2064769
4637681
3579971
9518478
7844717
5378321
4951117
3701113
1724594
5424932
3994405
2145759
7649240
8086456
2770453
3278398
6874787
3621441
5125433
2570930
6687630
7784236
3310202
6180217
4264109
4461640
3979194
6563545
3825865
9558421
2888302
3373418
3872681
5542014
9139573
3154669
4238962
8365214
8507337
5014912
8775968
6909965
4414723
5367680
4146604
1876510
2761379
6767617
5198575
9900868
5071713
8503451
6833301
2022537
4139040
4000337
6796246
5977432
6720535
6321813
7470415
9589150
4985713
6869629
6896165
6599228
7378250
9419771
3554485
8664072
7716145
5767419
6140070
4182697
7354655
6636538
6568796
6704621
8754485
4618538
7483928
9421749
2568517
8184819
2793211
8815812
2048517
2055097
4024863
8505371
7581607
2576824
9570399
2619278
4409919
3316940
1432015
8240621
1849696
7754230
8213867
1440351
2798406
3501918
3323013
9289594
9285208
5671485
8360442
6924871
9914740
1687285
7525657
4002839
7479492
2693316
4570306
9805336
7754978
5004502
8916564
9785704
9300072
3951391
3361791
8271555
2617218
4251921
1965356
1156914
1767371
7082294
5917912
9936324
4209531
9429169
9957905
5467479
7824941
6434516
1986105
2263669
4235754
5387405
4643281
6099194
9887513
2159386
4679975
8611185
8695121
2391476
4695073
7528709
4351404
3286213
3951459
5549511
9365025
1388202
9014654
8695781
5631771
7096634
6801523
5159324
9572531
9833877
1629711
1882858
4831191
5536838
5052778
3797835
8478632
5544859
1758490
9028786
7330427
6985625
4360947
7206655
5109374
1161990
8231210
7056162
3356697
9815245
2852500
5458262
4180319
7613337
5060366
3998561
1889183
5485704
8805186
2400486
6675476
3876702
4783183
6397604
8544928
9243683
1813727
1649818
5173799
9606630
8849997
4046337
2699793
4259614
3041332
3640992
2144581
8565229
7389524
1747374
6073457
5084151
2514464
5824627
4232724
3127499
4136795
9871584
4554465
6486536
8440347
2952531
6331330
4915131
5287858
1798809
4946720
7409775
4309973
9566150
1191939
6693208
3972958
4444855
7162168
6812655
5085691
4026812
8562012
1793639
1644010
3910972
2609428
9303730
8167626
7047039
3838980
9816485
5086600
4788249
5898065
1166215
3668057
7040964
6124078
3031114
4750723
1362538
8150326
9998995
4172900
1498152
4539098
7762486
7978110
1326436
1863079
7430568
5403006
8078994
2742285
7742424
9543846
5832184
7113674
9879139
3128897
7105331
6920042
4535346
7912931
1519491
6274081
3371843
4292970
1206561
7748429
4491639
2119198
3360356
4619175
3677163
9460836
6360069
1314859
6872608
2000388
6544965
6693270
6336520
8691049
4645699
6369394
6533572
7909397
2265104
9607685
4137278
9574822
2298880
4979739
7882025
1228570
7885425
8784335
8475257
7002588
3026714
7967590
3353434
7336937
2808580
6142151
6069528
3703030
5006979
3368186
9485239
9124270
8268736
1404433
2981611
3875884
4878456
2417795
5463704
4691534
6496185
5551327
2380077
4299432
7241098
2177021
8888672
2110458
1455455
8651536
8512216
9844779
7186421
7756805
1269068
2847760
7825955
3526306
2351523
5779995
5088310
1739248
7681957
9887033
7582652
2691357
5813364
9831832
6750418
3087007
2056984
5334381
7674545
6683184
5348639
9458814
9210880
9737053
4679026
9140033
3190907
3699631
2722432
6339528
6722213
5587765
4104250
5262914
9508294
8618774
6128285
2323412
9340789
8669914
3084623
2656862
9716840
2760774
6930313
8684625
5628728
4930975
5633796
1909259
8410907
5478100
4463763
9421086
3080576
5026260
7400122
7355666
6940336
8212622
9955013
5679533
1620272
3884204
5068020
6047097
6244767
1444653
6143257
3588238
4080682
2436472
5569748
5098380
8565441
7264590
6942998
1742283
7148214
6618587
4574638
8131356
3561403
2531045
2403628
4400397
8968415
1888721
2233071
5456550
7211265
5376124
1850025
8104786
7822968
4748703
3294900
2638542
9192182
4540730
7141313
2672633
1702339
7482692
6475583
6083737
3412282
6359645
9283775
4312218
5512492
9173982
1293457
7459683
1952172
8960408
1563366
5630336
2772317
9726860
2829193
5665752
6853755
1490508
2423098
7502676
1466710
6554985
7023263
4658130
8220954
5518721
3837716
5994428
9626438
8722415
1309258
9139415
5265346
8378615
8191491
2406771
2530438
3287991
3299945
9559147
1873034
6082618
2533183
7608627
8618219
9946503
5260458
2364662
2655969
9727332
8347360
2322429
2108479
5215552
7621175
4148319
1145821
9208698
2808684
5662695
2171986
3816150
6434336
2365371
8166307
1927556
2996614
1801541
2365905
9857227
8970913
6240726
8159000
9628114
5269116
8107883
9936420
5760089
5233376
9952145
6336707
3927170
3521857
6889276
9890149
2486696
7546635
7505862
2822275
3013282
1431252
6614705
1622303
2096819
9658161
9017181
9262978
1391737
6417621
7271120
4354620
1346330
6614310
5640115
1510811
2419670
3879511
8923126
1960635
9529038
6392641
4675354
5860136
3189082
4214103
2866331
3806457
7286748
6609603
7139798
7298028
8497738
1447419
8200747
9491276
2488711
5875106
1552836
2434169
7783890
3160234
9606775
6069582
6284297
9698632
2618362
2040552
4461950
1600340
1146836
8914314
7626902
2967920
8851219
4017438
3427782
9194745
3587187
1877385
4092039
1566640
6664976
2951045
2247158
2331012
9103550
6040127
4208421
4574765
1836902
8504097
4926506
5718858
4606206
2323679
3609657
1693370
8202007
6099121
5694923
8990632
2092180
6491859
5635944
2196851
9295554
2929275
9772677
6431949
8180748
3636878
3893576
1152639
4667943
2496994
4490516
3886366
9399035
7468158
1986236
4457287
9371265
4357822
7884601
8817265
2865689
9087984
4032948
7482860
7739958
2546083
5380322
2693096
2738997
3752877
8973032
9694313
1602367
9176498
2221970
3176833
7794064
4063595
4291041
6019418
8971514
1290337
5818352
1563838
3860263
1577490
6414144
6490709
8844575
7339201
6682626
2921345
4522855
2485134
1604146
2778452
1416977
1637281
3866479
5874276
9660949
4370245
2330766
7816496
2911278
5845031
5878900
4258036
4377358
2145314
4934370
2117232
8796418
8670952
7422767
2050177
2974380
7245723
7751035
9095983
6934647
4791174
6553045
8475254
7035276
3961113
1244934
3797610
9593244
8384044
9862244
9248835
1828700
5354623
4003598
5484012
7651806
5292236
6632215
8258866
1240281
5712247
3096058
2539414
1410953
6040260
9170301
4160329
8466559
7303192
3259263
7775531
4061139
6882576
3688112
6171692
9776025
9187186
1227246
8431395
1623930
1899525
6442477
5272464
6568267
8258997
1765167
6858177
2023222
1157962
2517910
1945900
4031643
2352222
7587916
8634327
8493781
5995353
4936403
5414203
2298550
2157295
3749508
8302360
2762822
2554032
5620034
7619431
5476598
4503132
5767045
6102220
1192603
5046777
6773908
8379638
1984050
9536470
4978786
6314472
5588282
8313608
5939411
7108568
8490024
6261437
6797691
9563029
7617129
3979834
8806949
1977077
3610254
2522060
3504296
8989724
9101523
8857798
5309054
2844188
4750862
8015600
8548989
3362281
2334079
3384794
8343094
5287772
9801646
1459602
3405969
4033289
5592755
4173211
3172840
1625864
2989473
7238104
5167678
5034535
5956827
6529934
5878381
9258212
6037627
6119066
8728795
7309851
2062663
1321688
7107382
7129863
3957211
1217687
2737155
8850249
6457544
4003636
2428563
5201619
9377747
3748115
9100018
5369889
5785581
8631100
3993828
3803218
2806365
9330102
9877444
5884590
3348291
5908758
2443815
5992191
3583221
1130698
4938267
5508594
2537022
6685241
3374769
1149488
4338296
4552593
8832437
8999841
3918242
4305445
2092309
4607325
7594502
9034642
3030830
7740838
5227356
8526318
9394557
5913745
1882153
7683858
1304848
9989420
6294049
9992430
4160376
8117781
3913794
6245764
3495997
1520684
1886851
9062573
3506060
5730195
2002891
7624851
9848758
9830418
1296272
1594754
1219658
4204696
7145121
1915603
7839834
7434850
9265470
2569460
5668002
5696976
8157427
7923776
1641100
7599600
8769708
7626637
8874152
6055805
5558232
6959465
1873431
7405596
9847777
6644593
4984186
6260538
8138355
8661909
5675403
1249544
3938321
9253536
3068410
3582567
6091710
2109964
4629111
7028779
6694488
1513575
6287064
8568080
9719688
9257271
3558482
3661461
8477208
4493024
4326576
9140342
3782219
8998504
2089275
8152205
4461554
2634030
8108151
4839039
4132610
5024062
4411688
1453615
5457990
8281313
7645801
2062617
5397411
6117704
9738336
7124816
3436091
5080160
4444363
6531667
1583880
9860942
2124197
5265842
5420673
6749811
4679328
4817604
5324444
4841619
2181790
4851329
6380311
8092713
8519155
2489033
3916964
1306362
6380512
9905249
2654258
5693181
8158783
6377522
8967757
5383736
9514324
7689665
9863233
7995854
7073892
7658091
5801710
1129893
6112622
7642538
4001680
8786788
4534359
8892749
1862841
5786010
8006965
9705023
9702301
9705878
6410621
1756703
2060787
9896067
7886099
3201019
1128273
2109652
1317844
4017018
5943134
7587047
8939609
9795844
6777372
5778427
4784396
6551022
2842660
9168145
9411890
9022430
3354131
2388865
9773214
2543714
2982629
3116323
9505958
8008791
4351823
9877715
3678771
3367397
8769247
1371349
9297069
7651552
8288397
9538294
5359724
4289602
8307221
6203565
2708271
7365871
2445659
5250570
9435181
3020325
3952794
1877413
3037867
5588008
2478959
5593894
8943033
5353879
1329516
8961179
8374733
3733393
8985575
8207361
8350814
6651363
1940494
8965437
3170869
6336740
8702926
3667758
1967371
5631643
9223922
4856920
3226591
6536844
8787449
2602278
4874140
2425062
9780290
9879088
1682984
6712021
7294607
5158569
3069518
5029279
2264712
6780288
9967457
8697141
9432979
6700339
6206225
3809043
6430778
9444728
3816183
6958749
9764770
8141761
7793172
7997628
7209507
2203495
4637338
3352691
2484130
3894439
5783145
4058574
8237677
9261203
7827633
1170792
9432174
5195624
9806828
1560949
2358752
7008551
4045633
8888432
8129665
2601958
6022690
5456817
4211517
5044494
3849923
2061199
1571886
4937261
8656655
4260914
5176854
2637600
4332646
2049051
3339309
9526515
4871563
7165999
4893693
7408379
8710874
8128909
5569307
7758983
7047051
5234226
3031643
9698742
9556827
6982308
8771031
4808905
2898371
7217730
9899266
3603210
6702368
1222692
4153715
1248979
4032226
7777653
6805927
1779205
8217717
5260651
7078365
4483672
5714649
4382084
9011780
8538335
4931688
5272702
9614900
4275012
2265690
1382007
9887563
1934976
6726202
2852358
7410181
1772553
5034613
2483121
5761662
5822516
6662081
8080368
5434008
4009729
6006769
8135559
1148308
7590079
3242411
8013804
8147017
2471802
2401991
4645923
3811202
1536031
4320078
5015707
8580814
4554137
2006884
5279516
1619412
7089433
9005814
3199676
1230479
8218824
7278845
7211525
8180603
9164540
1280180
9288335
2952677
4244382
7306046
6897234
6707316
2443193
2796294
7817256
1459409
3876398
5845932
8306532
9168039
2337460
3197285
8937579
8415980
7851825
4705822
6534411
9369013
7285800
3615112
5599744
7930466
2178735
7490909
5377064
1694278
7469655
5692298
1543389
6476479
1493692
3424660
6513241
4262752
7336744
8151609
5790596
7459640
5909189
3251973
6851495
2223260
9954963
9235809
5064520
7756378
2140047
9742283
6231012
8113892
4341442
9861066
5998528
1935426
1572123
4224531
5247990
7263259
3091743
8782326
6788578
6042837
6446935
6777512
6143027
6526627
8723697
6295237
2844505
4239823
7299153
9494945
4479111
3386171
1140737
6308875
4742999
7110612
9632532
6606424
5827371
3962932
7552216
1111890
9907861
9952603
6385588
9536736
6989223
8872079
2960348
8130093
1189406
7275512
6496947
6274917
2580956
6063760
9614857
7361775
1174426
6455749
5021749
5355639
6077844
2442173
3481787
3628022
6010892
9299753
5502141
2297057
4018759
2822320
6458440
1860167
1466194
5122584
3256387
5862597
8186080
2633293
6362685
3172955
7885081
8797418
3689063
3881426
8085209
9159382
8567180
9431024
9623819
8690952
8213876
6599484
3322374
3623425
7145274
8181995
4445293
2178657
1140559
9520097
6066809
2209277
9603857
3616192
2104423
1616669
2085127
3721762
1312356
6058580
1160794
5715756
8764437
3242002
1667910
6213672
6000809
5923290
6880750
9919211
4160174
3891433
5867365
5731841
6709829
7585652
9530438
2956846
5060576
9571732
8243991
2528879
1959258
2432187
3248706
9842674
5043221
8133922
6303543
2007490
5299969
2093299
3683666
5377735
8568805
4380279
2638525
8628749
1260382
5671411
6648909
8950645
3597112
9476835
1911855
3881240
7066027
4198972
7278152
8946301
6579871
4649199
5472618
7391540
4000076
7759981
4251469
7095939
5481828
8936381
6568053
3144023
5265867
4898002
6339235
4938507
2213244
1817407
7309678
6545223
2297897
5477013
4945623
7829231
4359697
9990772
3332218
6208548
7183431
1242065
2694012
5232345
3668470
3769325
6910504
4979639
6022095
7196396
7489630
1279654
1687038
7281171
5008082
6263281
2693400
9948886
3617081
7242779
5490062
1122834
3493849
3450752
9656462
3812162
7620531
3310595
3182528
5238140
4831853
4382993
7933426
1780777
3175364
8413597
7839084
4799628
7799732
8207479
2690927
4848954
8883782
8951210
8813589
8348206
3903716
2276873
2832248
9087432
9263499
3290060
5755224
6052870
6477123
6736568
6174600
2245854
5568094
7010456
7153820
8810135
1686667
9772939
6066613
6524704
1171546
7093743
9859815
9318416
9068397
4580193
8909825
6665576
4649162
1458100
5558002
7084442
9498235
9458663
2712453
4551731
5905457
6638173
3549301
7940828
3881708
4590580
9774286
8522294
2575947
2038670
8640462
1192400
3637145
8025225
5159191
6026301
9067884
4337032
4999492
3189260
4043221
9351641
5211771
6376165
3126698
8814193
4146196
1566195
3148313
7042404
7190355
1474446
1780356
5362942
3514615
3490417
2551158
4247447
9185362
9030733
3763303
3292057
3713904
2531548
3026005
9215419
7347990
4534445
1121739
7059943
5904402
5002908
1205384
1159434
7833713
9395369
7495429
5392388
7293708
4793397
9934763
1252814
2639132
9525326
3380195
9314362
3246017
5729265
3898449
1569871
9475283
7716407
7407005
7146004
3621116
5136786
4792545
2855813
1958784
9870843
9547900
7625316
4142705
7360685
1156371
5509228
7029598
3026471
8824290
3520953
1709595
3118972
4560750
7033092
1948335
7906310
5162788
6320033
7540599
6021409
8840694
9639493
4968324
5383815
4804079
3293332
4423095
7928298
1156527
6046702
2191720
2401533
7497386
3565444
4548182
9812469
9797167
8532082
5084073
8701342
8896003
4106585
8695050
5318896
2307805
3508638
9716214
2166088
8808833
9129205
5573649
7464505
8593287
2114733
7214836
5245905
4206404
7178127
5736077
6603697
8686421
7183471
1634271
1219047
4380021
8619956
9637440
4274340
7074946
6971422
4891343
9263420
1544274
8877680
2153278
7340229
5119173
3241467
3684109
9994473
7546168
1646885
7208084
9506449
7257246
1620496
5248127
6617596
5589579
9104466
3985934
7700554
5647411
6379479
8900223
4696926
8576917
5936524
9469064
2037985
1405405
6392442
7838407
2151222
2621186
5850413
5866385
9878061
6410156
9837250
5166892
5571994
4228189
7268638
4886853
2134951
1221729
9972119
6930837
5123025
3149151
7404437
6906950
1592467
7713546
8455660
8946452
4510797
8244916
4498417
4147880
7546982
2324641
8485855
2294856
5994987
9863423
9969863
5139093
4223399
5300057
2502392
6951551
2854994
8903231
3541973
7485507
8905845
8893933
7199891
5218731
9227334
6160303
1878547
7057658
2462625
7442264
5819472
3472438
3395389
5202992
5290940
4871238
6023692
3992466
3480742
4319962
9381309
2410390
4480553
7067730
4216581
3813285
5070911
4848788
4393068
6249181
7076128
6108099
4977183
3659380
2631977
9431879
1427510
2439156
9545309
6207746
4491335
4019835
8177459
8885852
4377227
2298962
3037896
1631456
1965835
3220160
9521524
3574686
5402976
8400886
9406656
8356306
3120647
9149610
3957922
6210140
9860697
4460558
2017375
8466084
3132387
9336978
1912246
9747322
2378406
1934758
8308435
5511575
5246222
5288855
6781367
5003357
6875002
7587291
2121092
3547518
2243348
5216850
5219513
1500183
7553521
7358395
5786785
5629654
7683357
4146958
2080349
6852271
4921374
1295414
5899102
2076048
7330048
8742984
9465495
2724695
1132439
1352946
5419429
7566268
4506298
4345767
5493883
7463170
5667922
7705920
6225163
3306665
6180971
7914054
7819699
5583309
8954435
1834605
3110581
9193492
2833870
4530470
5053789
3826713
6668379
9677629
3827467
3680137
3849542
4783676
3008864
2020396
9704717
2445596
3178412
7811694
2743463
5045301
4602366
8581558
5385899
2201192
4758755
9805061
2482194
4186947
9562681
1477896
2094048
4117452
6593173
9665266
5171638
2209097
5302028
2759812
6032185
7469688
5034516
6545784
4940103
2889853
4059610
2198615
7054928
5164319
4478463
4757283
4874979
7982875
1994261
7644501
4694927
9982795
9460261
7872158
3166975
5841492
9650494
3675141
3923445
9000725
8514844
9785669
7200971
4491857
4579699
1870149
8188973
8649155
4518489
5988219
4635467
5476879
4032785
7548065
3064188
4037332
4712859
5220559
1598100
8475217
5681470
9376823
3091323
9485721
2278654
9205525
4178747
5199791
2993638
2365060
3846674
9703308
4968684
8418572
6102335
6082858
2100899
4849975
3127704
3482994
7899101
6813772
1413247
3279043
9090770
8320645
4465686
9203671
3022900
7571936
5256959
4064884
8485184
7754335
1502407
4875414
8314499
7211283
7076474
8159811
7975460
8288469
7314317
2358471
1659745
4997269
4756864
8399079
8351435
4135673
8164804
8465977
3550598
7775927
4629189
4312159
1279281
1581836
5490200
6836131
7483476
5747268
8838258
9921235
4913824
8900568
8097077
5734553
4012649
6186752
6780734
8104212
3713386
5127252
1539002
3267277
1833980
1638246
3716468
3498055
7493550
5389331
7998948
3933408
4954272
6651446
8236322
8856045
6925525
1437005
9723088
4140642
1629153
8765457
7636192
1482795
7289947
1381014
5350899
2498235
2074943
7137895
2773341
7302517
4189932
4275134
2475426
3927577
5017783
2020643
5254365
6754633
1695656
8349081
9573671
7221374
3380994
8439552
6205244
7081440
6279542
8581624
5621165
5757825
4046825
2190869
3285111
8883468
1359331
4371684
1966278
3312071
2152760
7102114
6373967
2745990
3549387
9425259
3804007
9794144
7464518
2845839
7633164
5613694
4487373
4490262
7935648
5617719
7654371
8078549
4635304
7528692
4393859
7308466
6030438
2907588
4552186
6447056
5655465
2345342
7245128
4549593
2997572
5180389
2755185
5342619
4309939
7703443
9570191
1440625
5914068
9389319
9035946
1713405
7144847
3473102
7041344
5132502
5524264
1921307
5309993
3380743
8802876
2750452
2199860
7547798
4815615
9364805
1732807
8272301
7270798
8560051
7228097
6265113
8565444
3646496
4293666
8808549
6651131
1862923
5773612
2220319
2153211
6530845
4059564
5304406
3742692
2794737
3724201
1434307
4141396
4094133
2769056
4180494
2474492
9617987
5171614
9231428
2268278
9058773
4384127
4803659
5719292
2851657
8482845
4629349
1993603
5614791
1416717
9060749
8443776
2855954
5373384
4979991
9876392
5235823
4723327
2013198
5248975
2989813
6639224
5173045
5347982
8869771
9646974
6774543
4059786
8610392
4065473
2717906
5519576
7835789
8021545
3964661
7041388
5932810
6068719
2953970
2433700
3683416
2088568
7936801
2084915
3382584
6751133
5583735
2021858
6461032
4417947
4759108
6068583
7931839
4017051
7666280
2033172
7514786
8251990
5578451
5033217
3908423
6419935
2322516
9356682
6551624
1972280
9731807
4229061
8904464
3197321
6678983
6874471
1950669
3255023
8342904
2409970
6837987
7718761
3833414
4933097
5588232
8962829
4726554
2576777
2867431
8615626
6920023
3047804
9136104
7189091
1608955
5434614
3759438
9562057
8136906
2404677
3558755
5601168
4029579
6869218
5198790
2355204
5637590
2266693
3644214
1854816
4703275
7421456
1136035
7998075
9784191
6999321
8684126
7940027
2804216
4582918
3597285
4137003
5580808
8059326
3859070
9455293
7210612
4276948
2834217
4262524
4072090
1948684
9238222
8009732
8496363
3176167
8850633
1575228
8435773
9574386
5800667
4425418
4752316
2146592
6278117
2129492
6261252
3052508
5010371
5708196
6316860
9812840
3931634
4523880
6774042
9790011
4984701
7791480
6753919
6439499
4322387
8131106
8324947
8833348
3148528
8830292
5080187
1407294
1901724
9885593
7191278
6579443
9496186
5006592
8345241
1524533
4936140
2080850
8657148
7157657
6750154
2586839
8079645
5381699
2700126
5790188
6561145
6668677
7768966
3405240
3819825
1947288
6835477
4505910
7662139
9727159
9944954
1185360
8404234
1490666
1515416
6610357
2464507
6985186
8933755
7408097
1614818
5104232
6377208
1345755
4163411
4698095
8378867
2766027
9252498
3681869
6452129
6886365
3488697
5651112
6505185
4842522
9938225
8486719
9829029
8213947
7354760
6092865
8923949
7631916
1140140
4494224
5232025
9988682
1454139
2685752
2394617
2644547
2943597
6593735
9305228
1621393
8832249
9414380
3219212
2950531
7291466
5642438
9809421
6737156
1982853
8603792
2061828
6555132
5021629
8099858
8245401
1959218
7578474
1688307
9431259
5916976
9643474
5873919
4851919
6497262
2749638
5095237
5418760
7398176
7645887
5653394
4441420
8172668
3555380
2051894
9308373
1139671
5775584
7311821
8881528
9969176
9663524
8225400
6985216
2679187
6329272
3950279
5660304
4420615
3026496
9279252
8747709
3258006
5047187
3873392
2845344
6491050
2125652
7308482
9938824
3733709
8194400
3760202
7476956
6916870
6303311
8288793
4632848
3326938
4940134
3872276
8724092
6428370
9747675
6837718
5635983
9096233
5289451
6449959
2618272
5455450
5027267
5917692
1843244
5399418
7770679
5169359
8848901
7742393
6513265
4054629
5839606
2157226
4841615
9762866
9337720
7210023
1898524
3762127
8739224
6753014
4367188
5291041
1369770
8529678
6768128
6764424
5369106
7116202
8943277
9385260
1641937
3992045
6512303
9579926
6016854
8682592
1816451
7575149
9452520
1656459
2283667
5494611
2907083
4117305
5048648
4943960
2616076
9719063
2218395
8566062
8953829
8119840
2802873
8075815
1146083
3505770
3467314
1845593
2115018
3733925
7600346
3090374
4227653
6551797
7133895
6507130
1846915
7185946
2379282
7060399
2840138
1823205
6636814
7427095
5535284
5217051
5330065
8355756
1769198
2348890
5479693
4900530
9730624
5632550
9379370
9683342
2949976
5224776
7889221
5931340
9665173
9629522
7532731
6783452
3508713
1849923
6293629
4830663
8557813
5451730
9406021
2067040
9730551
4870052
6014736
3703995
3716791
1405052
3277785
5576944
8574206
4587289
8049097
5295540
2527082
8522263
7582981
8955458
7140848
3033784
2024609
3860497
9594969
7733302
4134851
1754001
3288897
4580951
8554334
7196627
9193307
4842290
3554457
5653184
8065899
6412347
1423240
7895032
2770192
4002728
4664990
3362512
6743826
5816721
9213902
7446941
2876312
2422425
5330454
8121559
4097833
3262426
4421642
5837784
5149006
3871131
8855542
1909195
8545860
2457095
2426174
4962217
5998722
7950449
9974332
3386485
6910566
3812970
2832705
1260124
5650597
5721368
7106826
8737743
4515088
1577832
5191506
3940385
9058178
7524700
8575015
6738187
5066157
2735959
8648587
3421280
8852594
4521521
8272295
8853067
3402432
8206111
3463030
6505069
2243825
6364103
2071316
2195177
3491045
5137624
1173458
4672018
9334170
4946939
2084587
6317839
4001646
5498781
5064533
4694537
6321885
6711319
8139650
2427412
3043725
6764849
7683549
5952921
7552992
2369298
6199455
7677550
3475437
7670978
7403538
7999436
3270081
2705943
7113250
5986699
5591815
4554645
6960976
6273323
3810855
1892748
7268304
4400707
8975542
3431618
6171044
2676576
6543011
6004965
7703514
5383886
6919462
7582375
7642765
5000740
4363401
8207873
4608579
2970433
5237211
4294107
8897559
1811706
7240290
3544612
5305473
2762105
4719130
5280184
7877875
4863095
2198287
2203872
4724400
2551633
2080252
4576989
4226843
6060500
4657237
4237512
9882745
8754638
8956248
6580843
2191552
1883779
6008295
4344979
8498649
4074327
2743361
2854924
3220578
6107199
5489901
2342241
7717252
6855409
7335872
2524075
4400755
9119528
9728012
3524089
3642156
5026652
6727417
6562324
5098473
6315571
8866204
9530995
1743704
9112662
7499657
9321448
4620007
5843715
8690265
8220206
3168129
4743116
2567417
4452440
2737400
4104639
6769395
6492492
4582068
9064471
9122558
6952319
9468278
6702194
5582764
2877245
1747252
6060852
1983203
2847374
3342611
2753958
1848817
5277016
9178555
3506760
3983711
1177860
1993978
1210828
7187696
3897100
5391950
2429944
6221820
1713364
5656218
8793253
1474578
4112338
2648582
6649577
3888079
5027694
5570455
2280170
9982935
4033159
8194525
2994693
2211574
2227957
8800179
8747367
4422293
5496331
3177384
7297662
2774630
7130415
3360981
1671541
3006165
8333727
8417746
8957099
9931925
4074672
6990910
2482361
8754729
8311381
7603367
8459835
2920394
5743666
3269940
8566799
6904277
8432475
2023783
2799165
9736748
5873630
7367606
3972401
4364938
4729360
1172008
8531602
9858576
9840799
6020190
7309432
8392101
7683761
1799520
9191561
9616784
7604251
3651954
6773152
8206971
6176279
8797896
4316079
4006448
4525445
9216794
8400265
6014938
3825507
4365687
7871688
1457246
5646307
2811318
5541413
3964525
1244934
3697866
8656008
2576593
1590197
7009641
3262676
9121311
2973986
8828111
1726176
1451023
9834626
6783410
9916281
9642103
4436314
8392637
3750065
1267837
8341623
6405438
1429330
6755113
1938885
8180468
3825633
8770195
3549484
8875741
9790579
8634328
7200203
3429790
8889104
9730916
5310285
5387997
4656913
5938473
8975963
1772041
4041103
9428471
6443079
4681202
7056675
9536598
9857524
4869904
2407837
2378002
5650911
6385191
9380157
9790394
8363737
9311488
7750753
1962371
7609110
3450349
3348435
1158708
2017962
3277167
6875803
5041521
5558318
8093589
4247773
4782899
4347842
3139534
5054711
5733354
8442154
4841738
4551548
5803763
2602554
4219823
2082066
2508287
9809640
8048119
7888451
4359557
8532464
6488256
5975631
8316205
8347006
3912606
7831920
7596311
2276954
5864789
6378464
9963582
3759723
2507057
6346976
3824858
8427324
2329505
3757331
3350810
2861116
9740328
7442436
2125422
2661730
3042107
6414323
7404205
6860772
3373267
9258291
8276324
1546233
1845018
3279726
6503752
3439136
4398286
6686507
7755575
7574090
2207661
3070837
7880115
5916146
5373046
2124611
9836781
7887569
9380167
9100255
3991575
9310293
6008708
1955865
4184457
4186991
3509415
6521380
2304626
6027671
5494986
3248349
4271575
7215891
5209149
6204687
2537875
9264788
9610147
6592108
3304634
8082628
8312976
1371511
8367915
3208268
2731756
1828056
1277990
2646707
5052282
5737934
5308179
4089962
3195553
5883896
4502747
8600856
9573895
1540839
3903888
4009483
4096523
2368144
9503893
5398232
2468045
4615775
8779650
2133297
2127091
8721029
5458340
6917096
6943047
6875290
6735571
7164412
8134310
1208899
2274097
7870616
7317277
3385944
6889695
5483573
9268780
3566109
7939042
5646268
1242685
2003580
4689362
7262599
4492656
7798161
8227483
5548502
9495239
6846042
6140326
9020764
6423589
1142565
8367174
7552818
9460456
3880595
2730240
9367509
6592404
1590022
9294543
7016069
7298550
2767111
6451081
6946755
8511185
3836354
5261150
5837017
5005408
9704551
3798977
7096572
5349013
3753695
4056641
7359646
3783740
5996770
2464885
7601696
6274442
4273461
3201918
2188228
8996595
2030929
4282162
1466724
5894619
2426489
4420911
2582095
6857503
2540436
6357592
4556220
5461569
8520145
8041842
3460636
2774767
8450294
3988733
5163457
2766740
3887196
6586775
5287589
9860774
9038272
7387553
7499065
5064880
3790517
6543425
5523211
5950457
9347242
2268470
7403330
1225549
9961385
7601868
5548605
1647441
9265038
9114107
9949512
3632610
9475213
8517012
6642067
3072550
6602871
1206442
7263640
8555632
2225025
7363157
4149408
1746481
2072852
1660376
7443724
9703266
8468518
4473357
6010492
2492150
2114140
7252413
7140591
3242531
6515017
4485940
7825178
5182636
9808719
8553030
5545711
6390626
4420214
1204752
3723123
5495403
3985656
7444764
5046812
8683934
2706216
5646039
6522354
4548465
8361208
3675356
9091682
9038754
6562817
2016175
5280763
9861468
9703845
3896785
6153765
7129547
7429163
1979679
9486132
5428690
4453310
8645248
9593905
4996591
9492957
8429989
2365284
4491433
8062151
4036342
7491226
5131416
1136015
8462834
3914028
3362598
8646478
4316939
1165170
7380711
8656292
5782905
1134067
3430726
5171849
7983382
5842118
2525608
5830896
8697127
7669578
3368733
5231401
4956732
3230253
2717882
3833179
4232278
6015932
8380729
3133737
9400337
6952433
4013765
2723006
5928705
5483477
9304125
6835042
7498082
5208913
7615670
4405487
6757450
1120702
7692644
3364029
5280545
9378972
3559457
8113604
9872693
1268537
2682563
2619805
9136768
5544008
5291594
7935254
6144779
3747745
5381897
7924536
4365666
5618562
7806677
1138492
8706142
7984689
6104845
5073551
5534285
2039161
5726084
5511214
3499359
2355945
9160440
1776050
1981397
2828392
8710668
4259835
3108977
8116919
4213232
7643946
8011382
8053750
2948898
8840185
8550688
5705294
4904308
5859939
4956167
6665369
2023639
7774595
1620259
8073419
6491055
6936607
8758071
8733227
2445720
1181222
3236156
9959147
7709650
7437475
6474171
4791988
2582600
7432940
9990634
1183711
9464631
7898818
2758264
2090983
5942660
1541420
7453024
6809396
7054538
7216320
3229709
9825730
8392434
3598667
4783771
8915536
4521764
5810466
9593880
9507819
1829292
1743476
7132560
4430099
4544585
3524137
8329011
6874617
4224799
8362991
2000454
7818788
8278382
3286996
4149756
6246402
9328550
1963216
2810319
2074787
5966208
6609451
6821548
2116341
1300056
6097940
2006839
6971474
5927343
3072631
3860791
5320296
8774915
7951771
7521207
5411349
6028602
5895562
5054844
8994368
9898014
8671333
7080392
4669823
6824939
9852480
5192141
4260184
3084339
5780091
4129840
5549709
6478364
5656179
7850099
4573591
4671475
7595775
8060707
1272015
1287273
2146937
7555540
6853521
8348784
5067045
6963046
6229817
4909572
8116753
7589122
2231309
2206209
4201258
5256031
5853489
6888534
9675140
7088528
9232576
3333293
6631201
2071763
3896535
2109135
9255557
9632080
2919864
9301288
9224074
3697850
3696937
1960071
5940377
4899824
6962924
5936789
1203979
8658129
3609039
3388819
2117337
8927665
6184632
8914818
6409623
6980375
2965156
2926047
2130867
7079678
9297737
6655625
7027707
8261280
6374499
1760089
1372182
3802448
6142857
1401422
8650840
7789964
4591384
3952752
4649297
7728179
9956734
5088972
6680244
4229610
8146341
4414981
5986926
6369064
6829745
1397368
7092356
8675675
9795182
6021944
2554488
1631300
4745416
5167573
9729891
5303643
8864228
3535780
7782819
1998766
3103719
4812718
5821467
3722945
3213579
4683497
8448373
1135160
4047764
8950973
1168408
8668460
9712821
1210767
6813730
6659647
3353103
7188009
8020105
5982577
2623166
6854029
6757800
5419451
1737219
7157326
8751080
2316526
5827325
6537206
4766628
6404509
5153188
2658369
8095551
4868797
8854042
8185136
2442379
1132036
7154541
1131477
1156516
3631032
4567929
3008671
6650310
5220819
9620725
8940283
6723466
2584569
4168273
6800682
7087147
7993072
7229536
7467751
8011624
1446849
3638722
9246612
3671982
9087544
3446494
4426462
4311206
6177884
2087536
3757265
2903473
6939252
7112754
2051250
8058066
8619420
4242180
6130890
9544285
7593183
4527396
1952135
7268853
7316041
5291030
3369207
5372594
6690520
6095873
6725053
7250701
1416458
6830703
9178595
1333527
9214778
8144054
7939438
5700314
7777808
4666752
1674500
5592882
1229425
8565037
9649197
3731500
9003836
9676434
7471739
3975402
7457696
6506512
1647740
4931757
9745128
1975187
1221160
6996024
9566124
3074908
8096351
5317630
3348058
2257150
7014101
3969707
2972419
3303920
2727885
1523510
5345471
4870511
8872648
9907861
4235753
4038428
8675725
9832263
7507220
9575629
3223167
5242307
9960156
2548065
8202626
2083838
9337166
6916204
5273147
1327054
1841293
7332104
6035251
6031199
9579188
5004319
8638511
8434010
3745534
7436448
4088157
1877217
7632372
1685834
5460884
4630974
6755701
4346057
2249185
8658027
7884117
6884505
4142335
3401046
9830281
8080609
9598390
1611834
6380291
3743651
7880243
8142731
9853873
1888670
2663947
1918133
7479934
4226852
3073826
8617854
9800292
4210218
8883065
8447767
9298071
1917393
7348456
1615343
2191279
8978095
1219947
9495142
8078117
8610728
4779845
1565832
9525340
6854033
6007484
5204345
6798144
1850648
7149785
3530841
6468574
5696820
9847920
8798555
8948619
1784659
1470888
1728455
7712891
1563107
3308729
4077391
1927532
1532511
4503508
4511252
6111303
6800179
7468045
5242836
8108253
8558353
3717716
1524237
4973864
2580638
1726454
7018824
8826725
5841832
1133052
2013661
1435010
6926394
6132552
8003807
8873413
9371675
7571881
6381674
8555085
3032472
4524498
2119859
9079645
5327404
6432250
6423891
6322218
9352912
7891056
8081757
6930537
8706303
2131002
7698769
3019028
2479211
8137933
8387517
6606451
6790900
5182498
2623254
4696395
2733661
7065553
1727927
3234598
5979710
1968065
3327085
4679952
9587818
2144771
3577502
6434858
6813373
8259305
9239904
9245610
4606554
6589864
6436859
4290421
1598647
9567906
4044803
8658555
5964587
7604714
6865682
7585508
3263970
2343250
1920837
2619933
4468801
2445550
9169783
4300551
5603028
6430160
5242823
1696081
5024674
1204595
7459589
8728293
4306088
2433223
9119176
9495966
2822459
9585307
5703885
8187145
4056349
6684953
2720104
3996221
5344394
8544351
9781924
7823683
7391551
3681897
2811884
3988656
2871325
4366003
8053091
7054449
9717558
1414844
3994711
3567775
4234420
1366117
9970020
5616838
7086215
8154123
7560870
6027252
4502829
2283440
9485613
3998552
7004888
4799124
3609405
8583649
3906585
6332703
4208726
5690906
4758293
9684153
9869198
2295292
3845345
6494242
2499147
8866892
7468224
6400161
7808119
1395921
9876183
3520618
3500642
8435038
3335418
9493508
4144986
3049609
2537321
4194213
3445752
2376578
7473255
1728278
5543297
7239614
7809915
6782315
8874765
1927551
2249963
2658609
2088883
5479735
4646509
8524361
7463235
8904227
9014143
3436865
9889742
5455954
9431470
8013109
5618888
4809300
4872433
6945285
2274166
7424942
4862350
9660721
9445804
6451796
4232982
1475723
7322745
6584591
4961227
7214427
4393615
8451754
8587608
2834010
7800719
9405324
7151354
8148294
8652770
5880565
8624296
3352697
2437844
8329673
6463706
3029269
4279386
7967676
7786528
7939481
5219742
7326086
6620360
4326130
8828578
3771528
4230069
5424225
6732317
8171016
3106127
7539919
7692272
7175627
1924518
5930035
1352863
7272600
3976816
5739599
2015953
6562665
9653529
4479525
6269586
9863780
9804318
6996107
7152067
3562085
8888058
6478030
2135452
7311375
1378407
8821119
9227005
3560167
6062332
1141102
8866551
3377507
1269257
6794029
6669458
5483256
4335630
2386775
9466134
3994959
2689706
3707526
5483806
3187908
2332446
7336579
2323451
1131992
7763811
7602268
4014027
3896146
5678152
7102398
4109287
3612990
7289686
8047518
7049165
5094960
2566434
7416219
4089716
4466461
1717396
5505688
3115343
6598101
6678500
8086811
4727493
7725085
7447855
8237747
6533959
1398083
7709580
5957455
4707282
3643806
2764567
8638365
2883827
3639231
5919006
5070913
7884521
9947910
8840518
9658433
5641063
8210124
8951430
8752005
7095699
9304054
5593902
4621145
4727060
6318823
2592044
7520986
7973389
2539789
1188497
2127593
5487974
2751781
3455020
1710897
9549082
9600395
8029433
3688603
5033719
7574920
6689783
1192705
2709508
5911657
5333622
8279709
8928464
3670960
6770909
3903476
1247480
6557400
8283666
1825534
7662481
5203747
3622643
1663623
8634400
7340668
9779085
9108466
6090844
2896919
5180404
7790325
4182346
2392307
4338250
1974066
7642975
6071219
4466740
1587989
9676391
6545378
8135804
9633881
3984964
7203139
2153647
5300703
5813847
8132936
3274137
7225472
7947457
1989894
8805152
8508844
7715727
2721199
4456659
2455332
4734237
8830310
7615936
4798420
4717741
3652126
4102236
6680998
5658137
4846078
1950817
2938454
4804673
5634430
3085690
1167068
7572033
2154201
9586844
7691415
9656271
8478063
5519756
8804808
9120283
4634011
5759390
2236693
9024098
4399260
8733675
6626633
1461905
6949431
3809714
1977481
9194838
6002104
1674792
3025989
2922601
8125566
9570855
8802615
9542406
4127405
7916319
3767714
5960431
3686117
7522146
3821420
1783151
3283544
8762965
6246936
5674585
8981641
4560182
8726532
9248434
8028946
9930652
4448109
5382531
6604077
7589689
7668091
8441891
2872022
3193330
4136417
6012552
7683702
2909452
5316999
7340770
7003142
8760808
8348128
7476947
4701049
5249330
5463468
1633347
7978993
9254832
4196897
8542595
2731984
3120365
7889308
4509057
1491174
3804903
6690845
6021441
2953849
1478396
6536970
6488263
5742441
6798045
3422736
3333515
5204883
2223258
5039178
3546631
6135910
3070218
9191618
1322210
4937865
7071514
9466070
3439029
8141159
4051295
8250613
4668356
7996608
4112251
6944858
9402013
7316259
6909100
3327035
1830509
7405985
8125392
2452786
8899016
5599297
2823262
5064042
5277110
8020630
4098574
2164663
3282860
4336313
5136168
8015930
5348289
6917805
5761194
5698309
3315116
6175582
6809733
3283490
2184746
7010383
3748308
2116491
7016152
9380017
2127613
2650856
5474589
4443672
1389049
3532643
7292350
5297556
8181888
3775834
3165285
4582388
9016640
3583907
5030794
6823866
3654069
7303650
7410140
5545330
1123179
4921173
4219489
6788279
3267318
3356498
3655225
5082505
3813950
5963859
2206868
6056461
2460544
2560047
9028030
4809958
4972382
1731432
2780048
7901238
6361172
8475682
9267778
8916115
4712634
7925444
6496527
9657859
2442091
3109923
8507465
9442139
2211323
6019301
4175906
6524727
2064227
8432606
2030013
8845533
1381545
1774341
6240426
8514087
3690649
2080437
3972390
9216540
3612942
3839504
3728967
7657191
1208419
1401230
9767484
5876245
1212903
2135644
3507816
2922066
8924469
1363384
5320309
5706146
7078974
7081223
2867804
4182560
9623496
2014430
2058982
9882851
5156738
5735617
5120162
5035530
2112525
1626411
1786438
3139160
6652774
7504675
6264230
8186954
2899655
7863599
3506997
9532945
6287334
7967849
4658291
2180425
3408564
8054693
9908465
8011701
4026026
4795163
1785553
8068286
1528916
7135717
7484453
1339937
7022488
2697020
2071586
6569609
8012399
7183009
9318722
4194660
5836686
6662872
2003819
2189703
9040564
5917512
7488596
7145021
2063184
9021422
8697699
6564449
7830976
3028374
9973385
2898233
8016678
8031251
